7 0.346875 0.219444 0.212500 0.425000
7 0.119141 0.193056 0.217969 0.375000
7 0.553125 0.177778 0.223438 0.336111
7 0.637500 0.565972 0.348437 0.770833
7 0.926953 0.617361 0.139844 0.756944
7 0.443359 0.831250 0.603906 0.337500
0 0.112500 0.420833 0.160938 0.222222
0 0.027344 0.611111 0.053125 0.283333
8 0.300391 0.465972 0.089844 0.281944
8 0.325781 0.376389 0.068750 0.263889
8 0.239063 0.374306 0.045313 0.243056
8 0.199219 0.364583 0.059375 0.234722
8 0.822656 0.791667 0.073437 0.355556
8 0.833984 0.235417 0.041406 0.193056
8 0.886719 0.204861 0.048437 0.209722
8 0.733984 0.160417 0.047656 0.181944
8 0.678516 0.121528 0.036719 0.181944
8 0.907812 0.084722 0.054688 0.150000
8 0.514063 0.345139 0.054688 0.259722
8 0.228906 0.236111 0.037500 0.177778
