8 0.473437 0.579861 0.298438 0.654167
8 0.805469 0.635417 0.353125 0.679167
8 0.401953 0.400694 0.050781 0.137500
8 0.371484 0.404167 0.039844 0.130556
3 0.280078 0.672917 0.253906 0.370833
3 0.081641 0.677778 0.155469 0.322222
3 0.937109 0.643750 0.122656 0.318056
3 0.675000 0.689583 0.193750 0.298611
3 0.685547 0.538194 0.146094 0.173611
3 0.675781 0.502083 0.118750 0.112500
3 0.600391 0.471528 0.100781 0.090278
3 0.629297 0.475000 0.075781 0.044444
3 0.319531 0.577083 0.143750 0.198611
3 0.357422 0.554861 0.111719 0.140278
3 0.400781 0.519444 0.053125 0.094444
