4 0.140234 0.761111 0.264844 0.477778
4 0.362109 0.738194 0.210156 0.501389
4 0.538672 0.701389 0.202344 0.441667
4 0.666406 0.654167 0.150000 0.394444
4 0.768750 0.593750 0.145313 0.368056
4 0.865234 0.539583 0.138281 0.334722
4 0.945703 0.541667 0.099219 0.377778
8 0.146875 0.391667 0.142188 0.380556
8 0.328516 0.400000 0.117969 0.380556
8 0.468359 0.474306 0.077344 0.470833
8 0.589063 0.427778 0.067188 0.350000
8 0.698438 0.401389 0.068750 0.336111
8 0.808594 0.372222 0.078125 0.313889
8 0.900000 0.334028 0.057813 0.226389
