7 0.766797 0.691667 0.311719 0.466667
7 0.497266 0.692361 0.294531 0.393056
7 0.306250 0.474306 0.075000 0.154167
5 0.273047 0.722222 0.064844 0.119444
5 0.250391 0.622917 0.091406 0.081944
5 0.207422 0.593750 0.047656 0.062500
5 0.242578 0.540278 0.041406 0.050000
5 0.257813 0.561111 0.042188 0.044444
5 0.175781 0.524306 0.051562 0.056944
5 0.248437 0.514583 0.031250 0.051389
0 0.169922 0.793056 0.096094 0.127778
0 0.405078 0.790972 0.100781 0.106944
0 0.950781 0.727083 0.098438 0.095833
0 0.137500 0.561111 0.048437 0.052778
8 0.370703 0.923611 0.058594 0.152778
8 0.374219 0.671528 0.028125 0.137500
8 0.321484 0.630556 0.027344 0.094444
8 0.188281 0.882639 0.056250 0.176389
8 0.233203 0.750000 0.036719 0.094444
8 0.076563 0.890972 0.054688 0.143056
8 0.070313 0.797222 0.039063 0.094444
8 0.041797 0.861111 0.044531 0.141667
8 0.073437 0.747917 0.040625 0.104167
