0 0.168750 0.793056 0.101563 0.122222
0 0.158984 0.696528 0.071094 0.084722
0 0.134375 0.554167 0.050000 0.055556
0 0.404687 0.784028 0.120312 0.140278
0 0.951563 0.754861 0.096875 0.156944
4 0.346875 0.818056 0.037500 0.069444
5 0.279687 0.733333 0.073437 0.125000
5 0.253125 0.635417 0.095312 0.079167
5 0.267188 0.570833 0.046875 0.047222
5 0.210938 0.597917 0.046875 0.087500
5 0.244141 0.534028 0.053906 0.051389
7 0.497266 0.672917 0.283594 0.312500
7 0.780859 0.679861 0.302344 0.431944
7 0.314453 0.474306 0.074219 0.143056
7 0.271484 0.456250 0.042969 0.087500
7 0.401953 0.497222 0.066406 0.100000
7 0.426172 0.458333 0.052344 0.086111
7 0.489844 0.464583 0.056250 0.051389
7 0.562891 0.506944 0.052344 0.111111
8 0.365234 0.927083 0.047656 0.145833
8 0.376953 0.678472 0.027344 0.093056
8 0.314844 0.631944 0.028125 0.086111
8 0.189844 0.878472 0.051562 0.137500
8 0.234375 0.764583 0.034375 0.126389
8 0.073828 0.887500 0.061719 0.150000
8 0.043750 0.860417 0.040625 0.143056
8 0.071094 0.807639 0.046875 0.098611
8 0.108594 0.788889 0.039063 0.113889
8 0.068359 0.725000 0.028906 0.075000
